12536
12745
49684
27823
27575
35857
14116
32817
128799
27013
16719
5636
5828
61731
15243
8367
12586
7473
16897
9291
17951
15141
22429
50121
76116
7971
37324
60388
24563
10544
196358
27230
11397
10816
6082
26877
34480
8844
8927
17550
5104
24207
10754
6872
80491
6946
9205
26834
7503
24793
23439
7362
28098
11152
20037
21831
21876
16518
7092
12821
6570
30674
18023
12864
15932
36112
27175
22723
9971
33090
9640
13369
21461
13379
5064
17743
23911
5347
28178
12877
26422
15288
29365
52273
6428
29030
36674
30712
6460
22090
24238
11931
14104
9000
48194
31334
20953
11184
5375
12569
28169
26453
20141
28882
11473
26425
9905
28231
7182
7517
40201
13292
19784
35441
17028
10973
19166
5181
5613
283443
61567
12701
38811
36859
21624
9227
10489
31112
33843
19352
22929
57175
30626
22001
10363
46604
6042
30703
17982
34002
13775
29812
7748
10980
10926
8494
21323
56242
23098
37009
26154
5987
5336
28747
60941
9419
10115
12609
23115
80512
30145
5687
26692
34814
34653
7436
18588
5768
20736
29016
90083
35242
11082
21421
33765
26221
11825
8397
17600
7490
9423
11879
33162
48207
23135
44021
5499
17266
24817
43008
15017
18392
15800
15697
31437
9169
73789
18146
20896
9072
24206
30327
11577
17032
15298
18336
34347
159263
12271
21569
20434
10192
57329
12097
26940
114481
25108
40393
8806
19413
6432
18316
13276
107235
15294
19995
12462
10969
75025
5352
14863
46535
20720
25252
12263
12266
7417
41516
12605
31578
12022
13379
33792
115997
9882
13567
5090
9123
25790
119654
21345
26645
98937
28761
155042
25808
34791
50262
15093
17255
19549
37937
160709
8570
45467
14120
44845
63831
27528
13155
9077
33692
25197
9863
6981
36460
6996
14804
5668
22513
33933
61690
50793
12981
18792
11135
23082
24756
14730
15795
19794
121541
35978
8075
45645
21844
24317
72034
5394
18677
26533
14048
15193
14414
6502
16205
7129
5606
36949
45316
11244
7649
14000
10479
22882
27045
8254
6089
25677
42394
20701
36047
10804
6261
34973
23549
11761
17113
8053
15821
98249
19058
62072
47539
8145
18645
69196
9520
10361
11768
28054
8089
15420
42248
28198
27060
70449
119680
11460
6747
8561
9057
13808
11624
49340
27286
28394
65189
5973
16160
17849
9209
14537
19648
9488
15090
11273
20028
5826
22243
42455
13483
7654
19514
41892
37758
27219
44033
30628
25068
21506
7494
9614
11738
11903
9313
9503
9788
20030
24688
10747
17020
7394
18053
5976
13145
22055
15490
23233
64753
11712
50403
71141
10242
6566
18476
12385
7781
60813
14960
35747
8171
78054
245895
25194
5514
5873
6263
13202
7405
44224
12814
80859
13396
27265
22707
29333
77365
64687
34219
37167
19282
42526
47665
12032
10762
6986
17809
48101
9985
21069
59648
8138
20239
56521
13672
35611
19188
39578
13270
30339
28068
19756
92757
18508
20345
24394
18839
41174
8827
20360
100327
5070
10737
8748
20287
48376
15282
16169
6735
18698
16117
7948
22075
32726
14839
14626
23750
47975
57056
7911
22003
43106
28831
26325
6253
13142
18711
26300
5737
59361
26225
52337
57578
50002
9384
7416
27264
7821
40505
31278
61289
32755
29360
32054
35865
11651
18107
14676
74320
9046
18442
60438
6183
31122
52142
6681
8143
8929
74649
5338
28266
35035
5924
6068
13569
11258
19430
7863
13872
9445
6520
11455
6893
27188
5160
7905
13165
23967
9566
27840
13292
25077
26246
15818
23156
122991
38776
28139
26866
38706
13402
27020
43636
17325
64383
11092
32714
12661
42582
33450
44150
5734
25644
22802
8009
14356
43921
9821
14440
27871
99019
8568
45406
24861
15008
6631
17504
10551
44949
10555
47239
49947
20435
18460
74335
11363
99589
148337
11486
29884
26765
6637
33436
112409
7883
31597
32413
30398
11444
24862
23582
29328
190512
22369
52423
16765
14850
9102
31869
5423
33778
6011
56494
8046
9705
13717
17492
67443
20367
8516
47776
26720
9854
20617
34152
10519
16051
7822
8607
9698
37090
12400
28290
57107
13228
7647
12343
10982
31881
54199
29202
272546
7858
35185
54636
15291
9712
32971
18909
89575
10131
54623
169056
17916
19488
10504
9045
18340
15574
23736
50648
10621
49126
32163
32581
37212
9585
16727
153398
10637
42020
11020
65404
18334
18695
21898
34832
15345
11712
13204
32036
38398
84405
62713
29460
24541
26267
7546
22852
44417
28005
11716
39294
30044
34075
34065
13097
21233
11604
21856
12083
19067
32884
11980
8371
40358
6629
45084
16744
21513
19096
25041
94237
33699
89796
84700
15362
6267
16231
5117
24417
6753
40302
9908
9656
13765
12621
33789
5403
6446
10750
13700
21051
14143
19481
20566
12494
59682
19951
35583
42096
135276
18202
8047
9462
9732
31184
6830
24568
14201
6995
12371
28706
10373
20102
11583
50954
21908
81581
10639
68849
11552
20323
37703
30375
27484
13038
8893
18149
8168
68232
8005
131956
7523
11366
51245
5972
39467
14753
8743
7757
42269
38869
31107
30594
34690
19728
24915
12253
23346
172862
43541
8388
18161
6931
126414
18303
95848
170830
48815
56687
16406
25426
16539
63580
18596
6983
32191
29996
151599
34442
35284
12690
12495
23176
9443
14785
16819
8817
7620
18936
21235
22369
24833
38309
32382
5891
13124
65694
5524
16712
17594
34878
39371
158321
8042
10418
18832
46535
19298
31969
6303
20155
19006
34097
15790
16575
61526
7438
8675
49909
33326
10543
16988
6529
70075
10740
47137
149720
10039
20990
25319
10264
24648
8347
9150
15479
19100
25379
24177
35140
7265
18437
13556
26230
17134
17236
122112
25535
42021
14515
10246
6996
22226
14565
297250
9759
7459
46988
11428
6306
22608
9000
27079
16324
36303
9592
39495
36107
62655
44099
19759
21310
21020
30891
5586
32835
22329
25195
14247
7686
14573
16242
6031
22614
12916
56909
8628
7315
9893
13833
56546
33117
36019
12923
26898
18610
12095
12330
64089
54448
18614
14836
11814
11204
92891
28665
6277
5446
31682
17140
14578
53018
33624
12643
7058
40780
48155
34657
22419
8644
10197
5283
10932
7548
209965
6134
31643
31431
27936
5966
17357
10668
77744
14150
12947
6133
7992
15220
23564
7738
15453
27981
7566
58212
25990
9382
19935
14439
142580
9970
24824
7632
13157
29005
5075
12681
10995
28226
10413
28502
22587
6695
18266
5614
9780
64754
10617
36891
